0, 287.441045136
1, 139.800917424
2, 114.657735212
3, 102.255951551
4, 98.0087908878
5, 96.4237273119
6, 94.9276465838
7, 93.6723278089
8, 92.6544690616
9, 91.670792528
10, 90.7669353808
11, 90.0478476104
12, 89.1916773565
13, 88.490095911
14, 87.7553826272
15, 87.0085736586
16, 86.4286880386
17, 85.8394619725
18, 85.2226969346
19, 84.4803765467
20, 83.9601211207
21, 82.9828172927
22, 82.4708583308
23, 81.4777799799
24, 80.7839394466
25, 80.0626999557
26, 79.264706721
27, 78.6073187931
28, 78.1666013815
29, 76.7147913404
30, 76.0524667752
31, 74.8402536842
32, 73.9658189215
33, 73.0265799784
34, 72.86022948
35, 71.6191379523
36, 71.4334392426
37, 71.0676816102
38, 71.2086451524
39, 70.9979650443
40, 70.3615537662
41, 70.0301411289
42, 69.8533337951
43, 69.3387719385
44, 68.9915473567
45, 67.7449545708
46, 67.0107702298
47, 66.8901098185
48, 66.3087408011
49, 65.6176418074
50, 64.9167975225
51, 64.4116896581
52, 64.3788546301
53, 63.6211253792
54, 63.1757693108
55, 62.5859245039
56, 62.0863382376
57, 61.7875517037
58, 61.5790812043
59, 61.2202373462
60, 60.9950735037
61, 60.7663319339
62, 60.6167188693
63, 60.4566344607
64, 60.4114139733
65, 60.2713698035
66, 60.2276644433
67, 60.1232138713
68, 59.986809606
69, 59.8235468773
70, 59.7114992962
71, 59.5853199594
72, 59.4276015865
73, 59.2613781486
74, 59.0773263099
75, 58.8883944013
76, 58.7204939119
77, 58.5668902397
78, 58.4108707464
79, 58.2441584502
80, 58.1117572845
81, 57.9493850022
82, 57.8330642737
83, 57.6573160469
84, 57.5049160301
85, 57.3719066875
86, 57.2330067659
87, 57.1077606541
88, 56.9940483221
89, 56.8688319959
90, 56.7059266036
91, 56.557379592
92, 56.4354914951
93, 56.265256821
94, 56.1098524081
95, 55.9745633921
96, 55.8835979358
97, 55.7600567174
98, 55.658254915
99, 55.5517211294
100, 55.4422831475
101, 55.344505711
102, 55.2045921125
103, 55.0985641145
104, 54.9935473059
105, 54.8962459777
106, 54.8049514127
107, 54.6900109273
108, 54.5713804573
109, 54.5082117646
110, 54.4089928676
111, 54.2530895768
112, 54.1574889566
113, 54.0537434384
114, 54.0141929547
115, 53.8897911454
116, 53.8413385737
117, 53.7411588985
118, 53.6432007771
119, 53.5720459944
120, 53.4922650847
121, 53.4143758944
122, 53.3633860114
123, 53.3086727683
124, 53.2471441615
125, 53.1461602442
126, 53.0776801413
127, 53.026044961
128, 52.9866290821
129, 52.904942385
130, 52.842597521
131, 52.7889854589
132, 52.7466776082
133, 52.7232596738
134, 52.6520974044
135, 52.5740406285
136, 52.5150818521
137, 52.4197745445
138, 52.3896373518
139, 52.305103302
140, 52.2907007302
141, 52.262909297
142, 52.1925085031
143, 52.1149252357
144, 52.0437439725
145, 52.0172608364
146, 51.9707851575
147, 51.9158322061
148, 51.8639049008
149, 51.8347594566
150, 51.8091574933
151, 51.7270637677
152, 51.6660069057
153, 51.6147462668
154, 51.5808546322
155, 51.5572009085
156, 51.5095547204
157, 51.4431130862
158, 51.4179959447
159, 51.373106073
160, 51.3275992304
161, 51.2948302575
162, 51.2648718443
163, 51.2326296012
164, 51.2047465988
165, 51.177775227
166, 51.1461620512
167, 51.1138784141
168, 51.080751759
169, 51.0583144057
170, 51.0330458817
171, 51.0086769577
172, 50.9913693957
173, 50.9772478346
174, 50.9516527286
175, 50.9261822842
176, 50.9009134406
177, 50.8714087806
178, 50.8575662264
179, 50.8406811369
180, 50.8199127486
181, 50.8053918384
182, 50.7827687128
183, 50.7644048877
184, 50.7670738455
185, 50.7634275381
186, 50.7677978099
187, 50.7830993217
188, 50.8380594044
189, 50.8839728542
190, 50.9551218457
191, 50.979749926
192, 51.0136710883
193, 51.0939362554
194, 51.1728891399
195, 51.2874592254
196, 51.3976324272
197, 51.4329461552
198, 51.6323375292
199, 51.7294190043
200, 51.745601714
201, 51.8734423673
202, 51.98182406
203, 52.0995874902
204, 52.2051091942
205, 52.39548484
206, 52.4433717594
207, 52.5695371173
208, 52.5726622638
209, 52.5958244264
210, 52.598484203
211, 52.6942122699
212, 52.8067365431
213, 52.9360975231
214, 52.9588799082
215, 53.0203604985
216, 53.069200751
217, 53.0284981781
218, 53.0972296001
219, 53.1142665142
220, 53.0398233281
221, 53.0277650914
222, 52.9254307087
223, 52.8454239027
224, 52.8324650891
225, 52.8198741453
226, 52.7463746728
227, 52.7145972939
228, 52.648874835
229, 52.5628463302
230, 52.5142823234
231, 52.4881928856
232, 52.4026545189
233, 52.3063058915
234, 52.2517390131
235, 52.2175480448
236, 52.1260825658
237, 52.0601742654
238, 52.0157270334
239, 51.9566567342
240, 51.9077916557
241, 51.8063564031
242, 51.798551029
243, 51.7519118383
244, 51.7402683711
245, 51.7004024465
246, 51.6457528632
247, 51.61904729
248, 51.604458504
249, 51.577866265
250, 51.5382074402
251, 51.4731944156
252, 51.4714795692
253, 51.4457481815
254, 51.4024793904
255, 51.3673128737
256, 51.3204951792
257, 51.2606809927
258, 51.2441248125
259, 51.2236188526
260, 51.2001265651
261, 51.1737822903
262, 51.129067476
263, 51.0920803473
264, 51.0559798085
265, 51.0322329857
266, 51.0075394872
267, 51.0133741957
268, 50.9645286363
269, 50.8996364996
270, 50.8592647632
271, 50.8244950775
272, 50.7984955544
273, 50.7644057435
274, 50.7505377888
275, 50.7052744888
276, 50.6635051298
277, 50.6247059264
278, 50.5894473125
279, 50.5556390686
280, 50.5400143195
281, 50.5161039415
282, 50.4931197475
283, 50.4564370279
284, 50.4360328936
285, 50.4020233137
286, 50.3831663369
287, 50.356019996
288, 50.3325836203
289, 50.2978414715
290, 50.2660440738
291, 50.262406319
292, 50.2373237906
293, 50.2272451834
294, 50.1924539858
295, 50.1785576095
296, 50.1522337149
297, 50.1279580033
298, 50.097980868
299, 50.0731949063
300, 50.0479849669
301, 50.0225006675
302, 50.001104627
303, 49.9632324083
304, 49.9416730347
305, 49.9247611991
306, 49.8960747226
307, 49.8721479437
308, 49.851649605
309, 49.8304461684
310, 49.8084389345
311, 49.7783940857
312, 49.7503520293
313, 49.7312715216
314, 49.6962925346
315, 49.6811183207
316, 49.6566840088
317, 49.6273093926
318, 49.610772439
319, 49.5848175868
320, 49.5524128404
321, 49.5260010496
322, 49.5188019479
323, 49.4932049237
324, 49.4691122899
325, 49.4539267246
326, 49.4424500669
327, 49.434893079
328, 49.4106009484
329, 49.3952811982
330, 49.366478208
331, 49.3454699834
332, 49.3093046853
333, 49.2934446852
334, 49.2715740795
335, 49.2601862371
336, 49.2503491941
337, 49.2343788136
338, 49.2012195687
339, 49.1849941066
340, 49.1754740148
341, 49.1665694954
342, 49.1481783888
343, 49.1250312418
344, 49.1157359167
345, 49.1041948851
346, 49.0847679067
347, 49.0630389747
348, 49.0566831058
349, 49.0429026031
350, 49.0270171028
351, 49.0076089986
352, 48.9955572837
353, 48.9824827084
354, 48.9599443458
355, 48.9424830803
356, 48.9307976984
357, 48.91632204
358, 48.9064589918
359, 48.8822639684
360, 48.8701755392
361, 48.8561209478
362, 48.8503765525
363, 48.8428672706
364, 48.8353437845
365, 48.8208533329
366, 48.8112724802
367, 48.8006101571
368, 48.7875675538
369, 48.7825724507
370, 48.7747723575
371, 48.753309074
372, 48.7355099655
373, 48.7116484624
374, 48.6922576186
375, 48.6799018372
376, 48.664496805
377, 48.6505608517
378, 48.6425485397
379, 48.6215654835
380, 48.6030211174
381, 48.5916664263
382, 48.5759330799
383, 48.5657320633
384, 48.5511056612
385, 48.5422949608
386, 48.5409450918
387, 48.5323831905
388, 48.5251016179
389, 48.5192162945
390, 48.5044977
391, 48.4983043647
392, 48.483296505
393, 48.4741240251
394, 48.4678192593
395, 48.4605930249
396, 48.450515246
397, 48.4373028214
398, 48.4307736019
399, 48.430346344
400, 48.4247333568
401, 48.4137655825
402, 48.4056825514
403, 48.4055306652
404, 48.3965080967
405, 48.3825240041
406, 48.3796332924
407, 48.3702403918
408, 48.3660429182
409, 48.3582768626
410, 48.3536314417
411, 48.3493100626
412, 48.3450584575
413, 48.3382788898
414, 48.3306026099
415, 48.3249918643
416, 48.3188064699
417, 48.310849302
418, 48.2984214814
419, 48.2917345606
420, 48.2807195106
421, 48.2698197271
422, 48.2620612624
423, 48.2589469807
424, 48.2558629743
425, 48.246392824
426, 48.236287625
427, 48.2284507282
428, 48.2238647881
429, 48.2144313252
430, 48.2087846842
431, 48.2034278129
432, 48.1969253338
433, 48.1940737857
434, 48.1882981982
435, 48.1846589251
436, 48.1785144179
437, 48.1699323838
438, 48.1616114424
439, 48.1526139309
440, 48.1468580535
441, 48.1406207166
442, 48.1352233456
443, 48.1302356539
444, 48.1239033544
445, 48.1167269234
446, 48.1115032927
447, 48.1063101604
448, 48.0982443087
449, 48.0933734982
450, 48.0879305986
451, 48.0809541176
452, 48.0741655842
453, 48.0686781902
454, 48.0633086487
455, 48.0563668605
456, 48.0516634855
457, 48.0463331696
458, 48.0414835039
459, 48.0350247014
460, 48.0313608834
461, 48.0249653671
462, 48.0195614808
463, 48.0140257026
464, 48.0075979707
465, 48.0034172892
466, 47.9966296085
467, 47.99142734
468, 47.9863060994
469, 47.9809524767
470, 47.9744373329
471, 47.9700305433
472, 47.9650821954
473, 47.9605328206
474, 47.9547642785
475, 47.9513179203
476, 47.9469054264
477, 47.9414785303
478, 47.9375176881
479, 47.9327349705
480, 47.9293351213
481, 47.9268437606
482, 47.9203932396
483, 47.9151313943
484, 47.9092984643
485, 47.9050332953
486, 47.9021268019
487, 47.8957063814
488, 47.889849407
489, 47.8828280942
490, 47.878073882
491, 47.8723289472
492, 47.8689143451
493, 47.8623653162
494, 47.8565037605
495, 47.8517080033
496, 47.8467627845
497, 47.8416488605
498, 47.8371480123
499, 47.8341329003
500, 47.8289300705
501, 47.825106659
502, 47.8210172498
503, 47.8161259656
504, 47.8126862699
505, 47.8092801516
506, 47.8076185888
507, 47.802744833
508, 47.7975391599
509, 47.7924950358
510, 47.7874675984
511, 47.7840318522
512, 47.7818412897
513, 47.7770855473
514, 47.7726992266
515, 47.7702915219
516, 47.770465027
517, 47.7658682826
518, 47.7619341133
519, 47.7596077844
520, 47.7541302828
521, 47.7506996339
522, 47.7459551751
523, 47.7433252645
524, 47.7408241974
525, 47.7380404563
526, 47.7341159995
527, 47.737669134
528, 47.7334358529
529, 47.7349826985
530, 47.7312903199
531, 47.728866265
532, 47.7270799351
533, 47.7251835208
534, 47.7231267736
535, 47.7192021731
536, 47.7129330982
537, 47.714938739
538, 47.7121228422
539, 47.7141423036
540, 47.7062326695
541, 47.7020714106
542, 47.6977463297
543, 47.6944302841
544, 47.6915925698
545, 47.6843828092
546, 47.6811408196
547, 47.6756447446
548, 47.673527024
549, 47.6697226065
550, 47.6653613508
551, 47.6615796302
552, 47.6622158449
553, 47.6582963208
554, 47.6575190767
555, 47.6519940074
556, 47.6547327699
557, 47.6525799986
558, 47.6425730849
559, 47.6398747592
560, 47.6381368722
561, 47.6381823453
562, 47.6393327366
563, 47.6394093595
564, 47.6350615735
565, 47.6359598364
566, 47.6292004728
567, 47.625824671
568, 47.6223939977
569, 47.6225461418
570, 47.6178292408
571, 47.6193214585
572, 47.6163277412
573, 47.6096015883
574, 47.6094479293
575, 47.6060591968
576, 47.6010255163
577, 47.60102977
578, 47.5992382594
579, 47.6096228875
580, 47.6096837334
581, 47.6100704595
582, 47.6076800819
583, 47.6065755818
584, 47.6042383746
585, 47.5998248814
586, 47.6011102224
587, 47.5994543667
588, 47.5934234382
589, 47.5944512386
590, 47.5929014869
591, 47.5890975929
592, 47.5880865668
593, 47.5806867156
594, 47.5755879642
595, 47.576466179
596, 47.5768610332
597, 47.5754200265
598, 47.5691518641
599, 47.5724820367
600, 47.5702286396
601, 47.5685641097
602, 47.5632224492
603, 47.5654897949
604, 47.5667346564
605, 47.5670627024
606, 47.5614146389
607, 47.5594928914
608, 47.5551345549
609, 47.5531156141
610, 47.549152044
611, 47.5468587271
612, 47.5442935073
613, 47.5446096045
614, 47.5450915848
615, 47.5301587321
616, 47.5279631561
617, 47.534124056
618, 47.5295387652
619, 47.5219736708
620, 47.5163575198
621, 47.5077612299
622, 47.4990887812
623, 47.4985442521
624, 47.4941673275
625, 47.4921664833
626, 47.4930147855
627, 47.4918441607
628, 47.4954246746
629, 47.4832497918
630, 47.4882176
631, 47.482802402
632, 47.4854424182
633, 47.4782617069
634, 47.4617247285
635, 47.4593721603
636, 47.4567104832
637, 47.4630732276
638, 47.4643965299
639, 47.4609610351
640, 47.4672743132
641, 47.4600186078
642, 47.4559622561
643, 47.4582894966
644, 47.450108947
645, 47.4419003211
646, 47.429324697
647, 47.4370129566
648, 47.4286116327
649, 47.4247703767
650, 47.4246795646
651, 47.4213792824
652, 47.4151125035
653, 47.4175340361
654, 47.4222174832
655, 47.4136442912
656, 47.4039938796
657, 47.4130692502
658, 47.4000621325
659, 47.391139049
660, 47.3872175818
661, 47.3791223031
662, 47.3812044659
663, 47.3741530939
664, 47.3726482361
665, 47.3598489428
666, 47.3582907793
667, 47.34895775
668, 47.3467631932
669, 47.3380616442
670, 47.3346258625
671, 47.3334682126
672, 47.3292961289
673, 47.3211832723
674, 47.3129651681
675, 47.3167277992
676, 47.3101574546
677, 47.2996281338
678, 47.2971822359
679, 47.299253291
680, 47.3053591846
681, 47.3064715012
682, 47.2983418119
683, 47.3042342266
684, 47.3049783285
685, 47.2965783337
686, 47.2896657346
687, 47.2938938858
688, 47.2922601181
689, 47.2881920295
690, 47.2841167673
691, 47.2897673481
692, 47.2870730904
693, 47.2924006087
694, 47.2879671707
695, 47.2807062955
696, 47.2820500221
697, 47.2748544548
698, 47.2675030916
699, 47.2686308823
700, 47.2621821602
701, 47.2689980374
702, 47.2624919022
703, 47.2686040859
704, 47.2687296861
705, 47.2690739524
706, 47.264631339
707, 47.2684999312
708, 47.2686126807
709, 47.2531613579
710, 47.2506867325
711, 47.2493700941
712, 47.2480804051
713, 47.2367846369
714, 47.2357661714
715, 47.2281639
716, 47.2158107097
717, 47.212508154
718, 47.2137262825
719, 47.2068384032
720, 47.2063157606
721, 47.2023693889
722, 47.1890853506
723, 47.193646353
724, 47.1927938928
725, 47.2025695439
726, 47.1984480179
727, 47.1969494558
728, 47.1943684141
729, 47.1970628974
730, 47.1949530051
731, 47.2000970173
732, 47.1959118255
733, 47.2033376712
734, 47.1952712816
735, 47.1948702408
736, 47.2009657434
737, 47.2041060182
738, 47.1996471852
739, 47.19565618
740, 47.1850705413
741, 47.1901097914
742, 47.1772885109
743, 47.1686492498
744, 47.1710982186
745, 47.1645071528
746, 47.1597913636
747, 47.1501848478
748, 47.1514959767
749, 47.1528144554
750, 47.1448475033
751, 47.1370196091
752, 47.1399455654
753, 47.1461322901
754, 47.1396992266
755, 47.1349031403
756, 47.138264535
757, 47.1337662862
758, 47.1311517784
759, 47.1439836265
760, 47.1416511179
761, 47.152123055
762, 47.1569089433
763, 47.148848576
764, 47.1450169207
765, 47.1406115758
766, 47.1451944515
767, 47.1432389188
768, 47.1374206202
769, 47.1292725976
770, 47.127662648
771, 47.1193627415
772, 47.114519505
773, 47.106255481
774, 47.1083960188
775, 47.1193156032
776, 47.1091469497
777, 47.1078417432
778, 47.0991198795
779, 47.1024142707
780, 47.0965125498
781, 47.0973999185
782, 47.0976428867
783, 47.0983492323
784, 47.0929109408
785, 47.0911030324
786, 47.0923463103
787, 47.0887450968
788, 47.0936328371
789, 47.0972864652
790, 47.0991295893
791, 47.0986078215
792, 47.0990695327
793, 47.0867392449
794, 47.0847392954
795, 47.0851739621
796, 47.0788556823
797, 47.0760844064
798, 47.0726040554
799, 47.0719459893
800, 47.0623483266
801, 47.0639521235
802, 47.0600891745
803, 47.0659393335
804, 47.0579227829
805, 47.0593975006
806, 47.0515876262
807, 47.0463942994
808, 47.0342802817
809, 47.0394289901
810, 47.0372722108
811, 47.0330109517
812, 47.0169389232
813, 47.01490946
814, 47.0157449779
815, 47.0185408508
816, 47.0201498896
817, 47.0169379027
818, 47.0133596094
819, 47.0103187779
820, 47.0120808801
821, 47.0088594324
822, 47.0092199457
823, 47.0128929263
824, 47.015246707
825, 47.0001216909
826, 47.0046808038
827, 47.0111871058
828, 47.011035878
829, 47.0125155671
830, 47.0078121955
831, 47.0048017732
832, 47.0036476874
833, 46.9964927132
834, 46.9973079351
835, 46.9834580015
836, 46.9831248156
837, 46.9929044888
838, 46.9864700495
839, 46.997208893
840, 46.9972013124
841, 46.9945549087
842, 46.9876318161
843, 46.9873565734
844, 46.9894702147
845, 46.9963314987
846, 46.9923425374
847, 46.9935776182
848, 47.000137644
849, 46.9941694521
850, 46.9974591739
851, 46.9927908139
852, 46.9846037468
853, 46.9881399869
854, 46.9842205917
855, 46.9753850762
856, 46.9718308141
857, 46.9749677419
858, 46.9757607337
859, 46.9787854154
860, 46.9747490514
861, 46.9664176113
862, 46.96854993
863, 46.9660821657
864, 46.954759677
865, 46.9543075872
866, 46.9521054941
867, 46.9493199306
868, 46.9401969612
869, 46.9383530007
870, 46.9266006131
871, 46.9248722316
872, 46.9306115697
873, 46.9276873149
874, 46.9195867097
875, 46.9142226523
876, 46.9125706781
877, 46.9064088996
878, 46.9039054795
879, 46.9013558254
880, 46.9041044858
881, 46.8956035825
882, 46.8886427003
883, 46.8849959863
884, 46.8870230899
885, 46.8814355964
886, 46.8762688114
887, 46.8779011985
888, 46.8851859207
889, 46.8808547838
890, 46.8769347753
891, 46.8797971578
892, 46.871192425
893, 46.8758258159
894, 46.871899668
895, 46.8688607137
896, 46.8587814476
897, 46.862315342
898, 46.8542831682
899, 46.8627486897
900, 46.8548985855
901, 46.8448898644
902, 46.8408307733
903, 46.8538922993
904, 46.8552027875
905, 46.85110193
906, 46.8433965836
907, 46.8361600503
908, 46.8301933637
909, 46.8225572557
910, 46.82180662
911, 46.825971153
912, 46.8225592211
913, 46.8317260305
914, 46.8306973382
915, 46.8397536273
916, 46.8371613646
917, 46.8324737161
918, 46.8298220394
919, 46.8322573966
920, 46.8323956418
921, 46.8294369069
922, 46.826968974
923, 46.8172569015
924, 46.8224479947
925, 46.8190127706
926, 46.8202021666
927, 46.8172935894
928, 46.815035141
929, 46.8030478779
930, 46.8053256784
931, 46.803781275
932, 46.7968719704
933, 46.7866664518
934, 46.781845732
935, 46.7837402357
936, 46.7841915572
937, 46.7799598478
938, 46.7853189561
939, 46.7857914161
940, 46.7903117765
941, 46.7834920975
942, 46.7779924489
943, 46.7775425354
944, 46.7682777256
945, 46.7615080995
946, 46.7724339655
947, 46.7656862372
948, 46.768486188
949, 46.7765412347
950, 46.7688924955
951, 46.7578582614
952, 46.7660359784
953, 46.7569726321
954, 46.7578552802
955, 46.7618170982
956, 46.76404159
957, 46.7584928827
958, 46.7645152094
959, 46.7589823951
960, 46.7538015484
961, 46.7640470607
962, 46.7683246664
963, 46.7757689181
964, 46.7747685695
965, 46.7734782158
966, 46.7618370321
967, 46.7650599577
968, 46.7511347362
969, 46.7597318942
970, 46.7555715904
971, 46.7486309956
972, 46.7499015618
973, 46.7541272335
974, 46.7443517871
975, 46.7425349537
976, 46.7281776754
977, 46.7366757378
978, 46.7303957349
979, 46.7317211747
980, 46.7313085946
981, 46.7326028974
982, 46.7256642093
983, 46.7217292492
984, 46.7168907249
985, 46.7075107163
986, 46.7046256656
987, 46.706756692
988, 46.7101476071
989, 46.7119123268
990, 46.7088775185
991, 46.6995693489
992, 46.6972628908
993, 46.6877673755
994, 46.6999469275
995, 46.6963562157
996, 46.6910767901
997, 46.6936294858
998, 46.6982354012
999, 46.6996041015
1000, 46.696433423
1001, 46.6911437863
1002, 46.6933457828
1003, 46.6986836778
1004, 46.6880418842
1005, 46.6947143847
1006, 46.6896806221
1007, 46.679235301
1008, 46.6671446674
1009, 46.6598500992
1010, 46.6652673376
1011, 46.6576668675
1012, 46.6560056494
1013, 46.6511969835
1014, 46.6472866222
1015, 46.6532649804
1016, 46.6534625501
1017, 46.6490268772
1018, 46.6441490446
1019, 46.6534710888
1020, 46.6497236142
1021, 46.65124666
1022, 46.6489462986
1023, 46.6422220734
1024, 46.6385721162
1025, 46.6385054215
1026, 46.6385197012
1027, 46.6337724677
1028, 46.6324678369
1029, 46.6364944091
1030, 46.6433157176
1031, 46.6479779112
1032, 46.6397324069
1033, 46.6432825361
1034, 46.6386345452
1035, 46.6348310561
1036, 46.6326728249
1037, 46.6307208292
1038, 46.6359537688
1039, 46.6348740134
1040, 46.6247128748
1041, 46.6279357097
1042, 46.620714392
1043, 46.6060789794
1044, 46.6022407842
1045, 46.5943494914
1046, 46.5913062983
1047, 46.588952458
1048, 46.5934133859
1049, 46.5834394894
1050, 46.5828663983
1051, 46.5710936402
1052, 46.5661521595
1053, 46.5747917804
1054, 46.5664939058
1055, 46.5606140053
1056, 46.5557737262
1057, 46.5491076909
1058, 46.5467174214
1059, 46.5615400241
1060, 46.5562063588
1061, 46.547501425
1062, 46.5496572318
1063, 46.5455132038
1064, 46.5474904776
1065, 46.5557565822
1066, 46.5403645033
1067, 46.5532501272
1068, 46.563354664
1069, 46.5597526342
1070, 46.5584795156
1071, 46.5615842066
1072, 46.5675873127
1073, 46.56409358
1074, 46.5541666715
1075, 46.5606401138
1076, 46.5587254807
1077, 46.5556899362
1078, 46.5529381866
1079, 46.5515046617
1080, 46.5526956162
1081, 46.5588605691
1082, 46.5525403423
1083, 46.5514101387
1084, 46.5542888004
1085, 46.549061361
1086, 46.5448645197
1087, 46.5391551276
1088, 46.5406306234
1089, 46.5454682395
1090, 46.5385297106
1091, 46.5466707661
1092, 46.5360604406
1093, 46.5281845318
1094, 46.524428271
1095, 46.5324744502
1096, 46.5223251715
1097, 46.5346977648
1098, 46.5332679642
1099, 46.539404089
1100, 46.5396999281
1101, 46.5491251643
1102, 46.5423687571
1103, 46.5423778358
1104, 46.5450451614
1105, 46.5347390177
1106, 46.5277111383
1107, 46.5229314752
1108, 46.528027163
1109, 46.5169409164
1110, 46.5182419195
1111, 46.517317027
1112, 46.5089589008
1113, 46.4991717645
1114, 46.4960878983
1115, 46.4932764882
1116, 46.484878403
1117, 46.4888230415
1118, 46.4943093834
1119, 46.4907678095
1120, 46.4955387782
1121, 46.4960385257
1122, 46.4903534536
1123, 46.4952791779
1124, 46.4941675305
1125, 46.4875772577
1126, 46.4921765005
1127, 46.5043025455
1128, 46.4977418071
1129, 46.4948494566
1130, 46.4890333061
1131, 46.4859019297
1132, 46.482107317
1133, 46.4756776156
1134, 46.4778515648
1135, 46.4760616765
1136, 46.4698538679
1137, 46.4647486955
1138, 46.471816869
1139, 46.4716451254
1140, 46.4688631586
1141, 46.4625803134
1142, 46.4608316939
1143, 46.4631385212
1144, 46.4588354203
1145, 46.4503292332
1146, 46.4408280623
1147, 46.4383562003
1148, 46.4361078236
1149, 46.437392016
1150, 46.4358970993
1151, 46.4309808347
1152, 46.429786571
1153, 46.4252198033
1154, 46.4298314143
1155, 46.4236177127
1156, 46.4323029637
1157, 46.427497086
1158, 46.4319544177
1159, 46.4360252299
1160, 46.4238307315
1161, 46.4222544634
1162, 46.4230487366
1163, 46.4217946255
1164, 46.4239283814
1165, 46.4158784217
1166, 46.4176431438
1167, 46.4219252317
1168, 46.4080866599
1169, 46.4092459306
1170, 46.4035583809
1171, 46.3980015877
1172, 46.3997890559
1173, 46.4020454061
1174, 46.3996200832
1175, 46.4020972603
1176, 46.3950985817
1177, 46.3980470983
1178, 46.3896890897
1179, 46.3882118754
1180, 46.3907460576
1181, 46.3949840736
1182, 46.3866423596
1183, 46.3839502775
1184, 46.3877999198
1185, 46.3896412139
1186, 46.3891988045
1187, 46.3763633789
1188, 46.3722301807
1189, 46.3741875278
1190, 46.3649544295
1191, 46.3703783713
1192, 46.366859142
1193, 46.3739531325
1194, 46.3683948455
1195, 46.3672398598
1196, 46.3615115203
1197, 46.3605838339
1198, 46.3641848435
1199, 46.3706343986
1200, 46.3747893406
1201, 46.3663691075
1202, 46.3728357825
1203, 46.3625452636
1204, 46.3640573041
1205, 46.3601975207
1206, 46.3489979994
1207, 46.3547806116
1208, 46.3554413461
1209, 46.3586226627
1210, 46.3580816393
1211, 46.3561708268
1212, 46.3617230687
1213, 46.3616755741
1214, 46.3623860156
1215, 46.3764385968
1216, 46.3761892165
1217, 46.3768020187
1218, 46.3841980749
1219, 46.3747673032
1220, 46.364707629
1221, 46.3633234743
1222, 46.3596001523
1223, 46.3546781367
1224, 46.3646412811
1225, 46.3587556134
1226, 46.3696028645
1227, 46.3658545777
1228, 46.349843495
1229, 46.3521444774
1230, 46.3494311865
1231, 46.3420668796
1232, 46.3446321313
1233, 46.351529816
1234, 46.3469879846
1235, 46.3527202619
1236, 46.3471205039
1237, 46.3485573981
1238, 46.3485966186
1239, 46.3485295512
1240, 46.3636732491
1241, 46.3531193782
1242, 46.3439540952
1243, 46.3422779199
1244, 46.3403236031
1245, 46.3292506814
1246, 46.3310532186
1247, 46.3251794516
1248, 46.325132067
1249, 46.3246520923
1250, 46.3229029661
1251, 46.3189156153
1252, 46.3180577035
1253, 46.3199713049
1254, 46.318357535
1255, 46.3157478809
1256, 46.3140480519
1257, 46.3123701471
1258, 46.3054040323
1259, 46.3031655354
1260, 46.3050776006
1261, 46.3143277852
1262, 46.3185665799
1263, 46.3121024409
1264, 46.3156506112
1265, 46.3239789081
1266, 46.3180455772
1267, 46.3142696951
1268, 46.3181334974
1269, 46.3146785352
1270, 46.3086749085
1271, 46.3160648056
1272, 46.3103712466
1273, 46.3036143017
1274, 46.3132502861
1275, 46.309229307
1276, 46.3053739143
1277, 46.2996118805
1278, 46.3019343887
1279, 46.2959393162
1280, 46.2953370658
1281, 46.291740275
1282, 46.2993356419
1283, 46.3005162848
1284, 46.3024406284
1285, 46.3071968533
1286, 46.3016405964
1287, 46.3036530334
1288, 46.3063583368
1289, 46.3006811164
1290, 46.297262341
1291, 46.3032120624
1292, 46.2993440506
1293, 46.2842281437
1294, 46.2942200862
1295, 46.2847107413
1296, 46.2843317562
1297, 46.2882339482
1298, 46.2867995912
1299, 46.29077731
1300, 46.2903159722
1301, 46.2890791834
1302, 46.2852120424
1303, 46.285761276
1304, 46.2751564734
1305, 46.2779518019
1306, 46.2790735148
1307, 46.2762413109
1308, 46.288378802
1309, 46.2735656377
1310, 46.2841958762
1311, 46.2902695935
1312, 46.2856208097
1313, 46.278294946
1314, 46.2890857675
1315, 46.2856279295
1316, 46.2845501735
1317, 46.2921279813
1318, 46.2924621598
1319, 46.2886571898
1320, 46.285252302
1321, 46.2924633392
1322, 46.2883934989
1323, 46.2845760756
1324, 46.2870967935
1325, 46.2788239865
1326, 46.2960436622
1327, 46.2939767809
1328, 46.2993852761
1329, 46.2960989496
1330, 46.2931798006
1331, 46.2944166721
1332, 46.3029017314
1333, 46.3014678364
1334, 46.3070712527
1335, 46.3125001666
1336, 46.3147860292
1337, 46.3153825818
1338, 46.3138417244
1339, 46.3139443697
1340, 46.3151844355
1341, 46.3194837767
1342, 46.316604775
1343, 46.3142638788
1344, 46.3158485712
1345, 46.3238365616
1346, 46.3188560507
1347, 46.3068881302
1348, 46.3011425107
1349, 46.2965263953
1350, 46.2856761059
1351, 46.2923947276
1352, 46.2921153511
1353, 46.2907340976
1354, 46.2871860043
1355, 46.2903322114
1356, 46.2839737873
1357, 46.2798163276
1358, 46.2752107203
1359, 46.2821103993
1360, 46.2751651345
1361, 46.2724015299
1362, 46.2670340317
1363, 46.2679786611
1364, 46.2731358453
1365, 46.2675062686
1366, 46.2735934407
1367, 46.2688679358
1368, 46.2669957656
1369, 46.2716688342
1370, 46.2652312651
1371, 46.2660985465
1372, 46.269073032
1373, 46.2529449011
1374, 46.2720651298
1375, 46.2638658455
1376, 46.2607450675
1377, 46.2607735998
1378, 46.2484464823
1379, 46.255905584
1380, 46.2594607222
1381, 46.2536289162
1382, 46.2531528487
1383, 46.2608133207
1384, 46.2624636955
1385, 46.2597179447
1386, 46.2642693557
1387, 46.2595289754
1388, 46.2628698718
1389, 46.2657076082
1390, 46.26575898
1391, 46.2554560311
1392, 46.2512083862
1393, 46.2549224421
1394, 46.24128278
1395, 46.2479002515
1396, 46.2510345959
1397, 46.2429963478
1398, 46.2384631232
1399, 46.2421626746
1400, 46.2401699487
1401, 46.242759592
1402, 46.2368136926
1403, 46.2432214664
1404, 46.2470854511
1405, 46.255771877
1406, 46.2529731683
1407, 46.2488838441
1408, 46.2518682752
1409, 46.2457038384
1410, 46.2471455259
1411, 46.2484221119
1412, 46.2579761415
1413, 46.2581660256
1414, 46.250723851
1415, 46.2517987888
1416, 46.2616724225
1417, 46.2633675619
1418, 46.2696582579
1419, 46.2705692004
1420, 46.2610335672
1421, 46.2683461182
1422, 46.2636399318
1423, 46.2584423189
1424, 46.2614807813
1425, 46.2511485562
1426, 46.2538023498
1427, 46.2530503214
1428, 46.2582267671
1429, 46.2612479743
1430, 46.2585071953
1431, 46.2639000889
1432, 46.2735299348
1433, 46.2768066068
1434, 46.2738880637
1435, 46.2621254942
1436, 46.2707370796
1437, 46.2733630428
1438, 46.2631320395
1439, 46.2570100977
1440, 46.2646996027
1441, 46.2617222505
1442, 46.2623013746
1443, 46.2701838045
1444, 46.2687730953
1445, 46.2561018663
1446, 46.2657600747
1447, 46.2659983657
1448, 46.2636344602
1449, 46.2591874673
1450, 46.2505345641
1451, 46.2536675688
1452, 46.2535007418
1453, 46.2456381446
1454, 46.2459535604
1455, 46.239373984
1456, 46.2363317757
1457, 46.2358646593
1458, 46.2396551557
1459, 46.2380473331
1460, 46.2458612647
1461, 46.2392958017
1462, 46.2389254292
1463, 46.2380055199
1464, 46.2348814027
1465, 46.2363197654
1466, 46.2317965984
1467, 46.2281305308
1468, 46.2236035068
1469, 46.2287683756
1470, 46.2212944651
1471, 46.2265773024
1472, 46.2183214965
1473, 46.2165245088
1474, 46.2125957048
1475, 46.2127756216
1476, 46.2087345587
1477, 46.2106538885
1478, 46.2049600544
1479, 46.204851925
1480, 46.2005436901
1481, 46.2128482556
1482, 46.2066028371
1483, 46.2017123973
1484, 46.2022425365
1485, 46.2030259877
1486, 46.194539479
1487, 46.1947958299
1488, 46.2022472141
1489, 46.2026242746
1490, 46.1973633463
1491, 46.1931123896
1492, 46.1926058008
1493, 46.1891534655
1494, 46.1912525318
1495, 46.1912322781
1496, 46.1930049044
1497, 46.1907081646
1498, 46.1949746678
1499, 46.1986336144
1500, 46.1973202267
1501, 46.198780147
1502, 46.1957300545
1503, 46.1919517408
1504, 46.1932563174
1505, 46.1877966649
1506, 46.1942544518
1507, 46.1931686598
1508, 46.1955402362
1509, 46.1948988565
1510, 46.1919805618
1511, 46.1947110507
1512, 46.1983668665
1513, 46.1948907318
1514, 46.202740272
1515, 46.204172572
1516, 46.2021039562
1517, 46.2010426349
1518, 46.1953655658
1519, 46.1939459681
1520, 46.1973587874
1521, 46.1917707116
1522, 46.1852574183
1523, 46.1771821622
1524, 46.1787183554
1525, 46.1774898678
1526, 46.1767870967
1527, 46.180962118
1528, 46.1739238721
1529, 46.1684571387
1530, 46.1675154684
1531, 46.1621674405
1532, 46.167216289
1533, 46.1616767949
1534, 46.16758761
1535, 46.1592336024
1536, 46.1579492773
1537, 46.1550245275
1538, 46.1507495541
1539, 46.1494622124
1540, 46.1532099669
1541, 46.1492073103
1542, 46.1492301533
1543, 46.1453973693
1544, 46.1428277928
1545, 46.1390712886
1546, 46.1425737828
1547, 46.1417023426
1548, 46.1419779365
1549, 46.1464885087
1550, 46.1375536719
1551, 46.1294910798
1552, 46.1292702061
1553, 46.1300500161
1554, 46.1261250438
1555, 46.1232102902
1556, 46.1218529226
1557, 46.1245873274
1558, 46.1181758976
1559, 46.1198244028
1560, 46.1115410625
1561, 46.1098578379
1562, 46.1076924749
1563, 46.113881871
1564, 46.1167100433
1565, 46.1179657839
1566, 46.1195625649
1567, 46.1218325485
1568, 46.1199031115
1569, 46.1223522516
1570, 46.1258028679
1571, 46.1315908908
1572, 46.1258045216
1573, 46.1204792255
1574, 46.118353732
1575, 46.1188747433
1576, 46.112077682
1577, 46.1128834909
1578, 46.1133409508
1579, 46.113268172
1580, 46.1117135628
1581, 46.1115475723
1582, 46.1120576814
1583, 46.1132732627
1584, 46.1098767249
1585, 46.1117536877
1586, 46.1097430656
1587, 46.1109082642
1588, 46.1044628151
1589, 46.1084380107
1590, 46.1070483856
1591, 46.1039867092
1592, 46.1050984898
1593, 46.1013720339
1594, 46.1042034086
1595, 46.1086608062
1596, 46.1102722201
1597, 46.1116514009
1598, 46.1076964835
1599, 46.1055790267
1600, 46.1084516543
1601, 46.1058699218
1602, 46.102872403
1603, 46.1029206617
1604, 46.1009162831
1605, 46.0975422409
1606, 46.0949298365
1607, 46.0888211119
1608, 46.0937530045
1609, 46.0969005096
1610, 46.0887438279
1611, 46.0901415759
1612, 46.0941269899
1613, 46.0931171235
1614, 46.0875228278
1615, 46.0858653559
1616, 46.0858433633
1617, 46.0847620436
1618, 46.0865581633
1619, 46.0873943241
1620, 46.0870467037
1621, 46.0879816881
1622, 46.0913582218
1623, 46.0917397133
1624, 46.0953819309
1625, 46.0911116764
1626, 46.0933188405
1627, 46.0901338827
1628, 46.0904544639
1629, 46.0884349669
1630, 46.0871120782
1631, 46.0764264063
1632, 46.0790005722
1633, 46.0704419886
1634, 46.0752177401
1635, 46.0725804333
1636, 46.0766691125
1637, 46.0749697722
1638, 46.0701420726
1639, 46.0688861087
1640, 46.0687471146
1641, 46.0666915
1642, 46.0662099395
1643, 46.0636967378
1644, 46.0710475217
1645, 46.0673938963
1646, 46.0667042018
1647, 46.0648750969
1648, 46.0649282661
1649, 46.064048087
1650, 46.0613835346
1651, 46.0588077252
1652, 46.0618108085
1653, 46.061991443
1654, 46.0557331148
1655, 46.0555582544
1656, 46.0562854952
1657, 46.0538795176
1658, 46.0579052684
1659, 46.0596503664
1660, 46.0601518779
1661, 46.0567288609
1662, 46.0577212016
1663, 46.0575613742
1664, 46.056239629
1665, 46.0583330934
1666, 46.0567105512
1667, 46.0564044089
1668, 46.0498211249
1669, 46.0517886993
1670, 46.0472695755
1671, 46.050733075
1672, 46.0552413966
1673, 46.0545891249
1674, 46.0510527584
1675, 46.0465349597
1676, 46.0483919724
1677, 46.0452255292
1678, 46.0421870965
1679, 46.0344303255
1680, 46.0372304547
1681, 46.0367038154
1682, 46.0413692017
1683, 46.0379787984
1684, 46.0405597834
1685, 46.0475522737
1686, 46.0448455619
1687, 46.0480713722
1688, 46.0508434723
1689, 46.0464203282
1690, 46.0431567252
1691, 46.0498094939
1692, 46.0487834058
1693, 46.0465881775
1694, 46.0439179888
1695, 46.0424983336
1696, 46.0367664395
1697, 46.0386838477
1698, 46.0306442969
1699, 46.0285598561
1700, 46.0307431533
1701, 46.0265497633
1702, 46.0321156388
1703, 46.0339438117
1704, 46.0329382595
1705, 46.0302190226
1706, 46.0234897729
1707, 46.0253398614
1708, 46.0252568383
1709, 46.0212194347
1710, 46.0190402762
1711, 46.0198692128
1712, 46.0157295249
1713, 46.0136095315
1714, 46.0163554282
1715, 46.0200940591
1716, 46.0206778397
1717, 46.0171513111
1718, 46.0126968943
1719, 46.0114702095
1720, 46.0096511347
1721, 46.0097140657
1722, 46.0113255717
1723, 46.0111206029
1724, 46.0097341378
1725, 46.0063637346
1726, 46.0066712499
1727, 46.0040219216
1728, 45.9972095592
1729, 46.0033162157
1730, 46.0043165374
1731, 46.004611833
1732, 46.0027147685
1733, 45.9966562811
1734, 45.9971154167
1735, 45.994573766
1736, 45.9971551461
1737, 45.9931715496
1738, 45.99052467
1739, 45.9835639579
1740, 45.988518657
1741, 45.9801155434
1742, 45.9825496347
1743, 45.9808835889
1744, 45.9779107689
1745, 45.9841289361
1746, 45.9776405622
1747, 45.9766888907
1748, 45.9769941921
1749, 45.9789941885
1750, 45.9738833299
1751, 45.9759529018
1752, 45.9752620498
1753, 45.9698658282
1754, 45.9714629203
1755, 45.9705513995
1756, 45.9699555542
1757, 45.9691686632
1758, 45.9686288118
1759, 45.9688496765
1760, 45.9643597066
1761, 45.9650278208
1762, 45.9642534164
1763, 45.9657452758
1764, 45.9616827208
1765, 45.9582280206
1766, 45.9618853025
1767, 45.9609566265
1768, 45.957907473
1769, 45.9623134476
1770, 45.9559450647
1771, 45.9570732028
1772, 45.9560095512
1773, 45.9584954884
1774, 45.9587249609
1775, 45.9609260876
1776, 45.9548451852
1777, 45.9590078748
1778, 45.9568546197
1779, 45.9645164643
1780, 45.9630080392
1781, 45.9651141246
1782, 45.9655514752
1783, 45.9712000083
1784, 45.9662990874
1785, 45.9689118195
1786, 45.968489166
1787, 45.965429594
1788, 45.9634438382
1789, 45.9621358799
1790, 45.9651277037
1791, 45.9612154815
1792, 45.9573747236
1793, 45.9539698951
1794, 45.9520609651
1795, 45.9474546733
1796, 45.9501293189
1797, 45.9485834682
1798, 45.9478846789
1799, 45.9542789677
1800, 45.957196992
1801, 45.9557098954
1802, 45.9528810991
1803, 45.949859126
1804, 45.9460985928
1805, 45.9468880506
1806, 45.946991331
1807, 45.9448091254
1808, 45.9470256336
1809, 45.9439229455
1810, 45.9425496306
1811, 45.9430667945
1812, 45.9442174396
1813, 45.9405987789
1814, 45.9400368992
1815, 45.9389654672
1816, 45.9347250323
1817, 45.926392344
1818, 45.9253319731
1819, 45.9242584996
1820, 45.9239537463
1821, 45.9254607523
1822, 45.9280622612
1823, 45.9205634754
1824, 45.9233969724
1825, 45.9231138929
1826, 45.9242892093
1827, 45.9241297237
1828, 45.9133705701
1829, 45.9156859236
1830, 45.9124425473
1831, 45.9117024293
1832, 45.911718541
1833, 45.9185706785
1834, 45.9159171224
1835, 45.915282071
1836, 45.9130743524
1837, 45.9082776496
1838, 45.9070583423
1839, 45.9102332206
1840, 45.9071554741
1841, 45.9035035235
1842, 45.9005224851
1843, 45.8941260594
1844, 45.8984196286
1845, 45.8971955035
1846, 45.896261781
1847, 45.8914297982
1848, 45.8943601825
1849, 45.8935455175
1850, 45.8873776231
1851, 45.8866171525
1852, 45.8804907767
1853, 45.8815803794
1854, 45.8797909478
1855, 45.8806961233
1856, 45.8800996549
1857, 45.8767366198
1858, 45.8774590929
1859, 45.8765347507
1860, 45.873551437
1861, 45.8701032163
1862, 45.8679820993
1863, 45.8675131882
1864, 45.8685812589
1865, 45.8656964721
1866, 45.8625339082
1867, 45.862034487
1868, 45.8599545923
1869, 45.8643724074
1870, 45.8670283417
1871, 45.8688006773
1872, 45.8645799611
1873, 45.8665234234
1874, 45.8687124133
1875, 45.866485019
1876, 45.8661118721
1877, 45.8688265941
1878, 45.8645570561
1879, 45.8626678239
1880, 45.8576032102
1881, 45.8566977924
1882, 45.8573678266
1883, 45.8545858575
1884, 45.8542047319
1885, 45.8511302794
1886, 45.8481853993
1887, 45.8485704431
1888, 45.8474084411
1889, 45.8438368895
1890, 45.8393850213
1891, 45.8388612371
1892, 45.837028576
1893, 45.8333733113
1894, 45.8305136909
1895, 45.8263176243
1896, 45.823875044
1897, 45.8191080309
1898, 45.8168763925
1899, 45.8133950462
1900, 45.8106801854
1901, 45.811179901
1902, 45.8109205379
1903, 45.8107329258
1904, 45.8104428637
1905, 45.8073249157
1906, 45.807148563
1907, 45.8076438558
1908, 45.8041899466
1909, 45.8000300123
1910, 45.8038510142
1911, 45.8014252824
1912, 45.8003567649
1913, 45.7990636492
1914, 45.7987070345
1915, 45.7980797601
1916, 45.7978405277
1917, 45.7940107567
1918, 45.7898486476
1919, 45.7880586157
1920, 45.7908801065
1921, 45.7903162496
1922, 45.7858742307
1923, 45.7834332946
1924, 45.78150412
1925, 45.7789655617
1926, 45.7792863042
1927, 45.7783622654
1928, 45.7723288245
1929, 45.7702918823
1930, 45.7690709792
1931, 45.7697601149
1932, 45.7666999522
1933, 45.7660112015
1934, 45.7664553943
1935, 45.7654521305
1936, 45.7675241681
1937, 45.7621824047
1938, 45.762178522
1939, 45.7623687333
1940, 45.7593918975
1941, 45.75616499
1942, 45.7588470406
1943, 45.7612330848
1944, 45.7584458727
1945, 45.7530595213
1946, 45.754355645
1947, 45.7526391661
1948, 45.7545978015
1949, 45.7500044964
1950, 45.7525233292
1951, 45.7516810351
1952, 45.7543617533
1953, 45.753695835
1954, 45.7588613092
1955, 45.7554371851
1956, 45.7542423344
1957, 45.7549591041
1958, 45.7498980509
1959, 45.7532252068
1960, 45.7523151468
1961, 45.752616327
1962, 45.7489764468
1963, 45.7501236635
1964, 45.7462685466
1965, 45.7471888138
1966, 45.7470055888
1967, 45.7451607181
1968, 45.7458822748
1969, 45.7443004753
1970, 45.7434899927
1971, 45.7446568633
1972, 45.7410927282
1973, 45.7407178635
1974, 45.7407768342
1975, 45.7437838382
1976, 45.7386669635
1977, 45.7410646642
1978, 45.7383609101
1979, 45.7374173524
1980, 45.7325057369
1981, 45.7303597656
1982, 45.7305671152
1983, 45.7258463478
1984, 45.7228888826
1985, 45.7211180105
1986, 45.7155301
1987, 45.7136691947
1988, 45.7094893182
1989, 45.7064284875
1990, 45.7068195397
1991, 45.7060727733
1992, 45.7067448216
1993, 45.7035788211
1994, 45.7000595956
1995, 45.7002100015
1996, 45.7001127197
1997, 45.7025320286
1998, 45.7028549193
1999, 45.7029573906
2000, 45.6995354256
2001, 45.6983400656
2002, 45.6973619958
2003, 45.6964628676
2004, 45.6931341653
2005, 45.6914022862
2006, 45.6908492632
2007, 45.6884968199
2008, 45.6850707191
2009, 45.6833602836
2010, 45.6835128348
2011, 45.6859247083
2012, 45.6862827693
2013, 45.6829741294
2014, 45.6826977456
2015, 45.6833529137
2016, 45.678186365
2017, 45.6745478154
2018, 45.6718500536
2019, 45.6722279888
2020, 45.6701349509
2021, 45.6657238939
2022, 45.6662762419
2023, 45.6673555979
2024, 45.6648225385
2025, 45.6627728424
2026, 45.6661664541
2027, 45.6682031656
2028, 45.6683443882
2029, 45.6682318235
2030, 45.6659423708
2031, 45.6679280205
2032, 45.6660483957
2033, 45.6622284773
2034, 45.6617172267
2035, 45.658684999
2036, 45.6605870732
2037, 45.6559331178
2038, 45.6558469224
2039, 45.6563628921
2040, 45.6547748001
2041, 45.6542844602
2042, 45.6529836802
2043, 45.6450583817
2044, 45.6447984886
2045, 45.6396003857
2046, 45.6412248048
2047, 45.6402975476
2048, 45.6380778173
2049, 45.6372210704
2050, 45.6431773716
2051, 45.6411756751
2052, 45.6387177386
2053, 45.6382252128
2054, 45.6403916209
2055, 45.6369735721
2056, 45.638803521
2057, 45.6388452626
2058, 45.6349477279
2059, 45.6333179129
2060, 45.6319959191
2061, 45.6320592895
2062, 45.6326250888
2063, 45.6321328494
2064, 45.6323473109
2065, 45.6297299929
2066, 45.6263177836
2067, 45.6247154761
2068, 45.6256512901
2069, 45.6228821536
2070, 45.6213346625
2071, 45.6179470174
2072, 45.6223424126
2073, 45.6209882043
2074, 45.6248251358
2075, 45.6251396032
2076, 45.6265588998
2077, 45.6230805778
2078, 45.6196963562
2079, 45.6103133335
2080, 45.6089437985
2081, 45.6124808735
2082, 45.6113669649
2083, 45.611826796
2084, 45.610834928
2085, 45.6118117451
2086, 45.6131658062
2087, 45.6152893131
2088, 45.6161277354
2089, 45.6121976456
2090, 45.6090006821
2091, 45.6056011751
2092, 45.6056787518
2093, 45.6058549839
2094, 45.6006608341
2095, 45.6004027014
2096, 45.5988275843
2097, 45.5956291098
2098, 45.5961138069
2099, 45.5914819605
2100, 45.5915307962
2101, 45.5898964535
2102, 45.5836817018
2103, 45.5831255981
2104, 45.5813037187
2105, 45.5814802262
2106, 45.5766436575
2107, 45.5763925899
2108, 45.5746684654
2109, 45.5730599742
2110, 45.5738577989
2111, 45.5742073404
2112, 45.5730688345
2113, 45.5728629041
2114, 45.5700719183
2115, 45.5700433284
2116, 45.5721327774
2117, 45.5724615726
2118, 45.5724875818
2119, 45.5714177228
2120, 45.5686490893
2121, 45.5655185115
2122, 45.5640966072
2123, 45.5650009574
2124, 45.5640451209
2125, 45.5616665823
2126, 45.5606192924
2127, 45.5647786544
2128, 45.5631071575
2129, 45.5648009227
2130, 45.562027248
2131, 45.5621207132
2132, 45.5620489395
2133, 45.559246445
2134, 45.5572902197
2135, 45.5568561275
2136, 45.5540357248
2137, 45.5499984919
2138, 45.5487548721
2139, 45.5502295866
2140, 45.5481236672
2141, 45.545758334
2142, 45.5440704522
2143, 45.543729297
2144, 45.5441140527
2145, 45.5411963415
2146, 45.5449828043
2147, 45.5437775737
2148, 45.5413561524
2149, 45.5369633897
2150, 45.5357679229
2151, 45.5358545074
2152, 45.5330124628
2153, 45.5348118578
2154, 45.5320837555
2155, 45.5305402536
2156, 45.5283415349
2157, 45.5282282928
2158, 45.5282971554
2159, 45.5232038952
2160, 45.5270893107
2161, 45.5221984492
2162, 45.5227310809
2163, 45.5217720606
2164, 45.5171920313
2165, 45.5168601234
2166, 45.5184752782
2167, 45.5148457933
2168, 45.5130094343
2169, 45.5124922443
2170, 45.5125758013
2171, 45.511419436
2172, 45.5080784609
2173, 45.5045641048
2174, 45.5023203243
2175, 45.4975624256
2176, 45.4964880988
2177, 45.4938335682
2178, 45.4931397368
2179, 45.4939530344
2180, 45.492508677
2181, 45.4901785411
2182, 45.4890080169
2183, 45.4857831072
2184, 45.482162811
2185, 45.4802097736
2186, 45.4776106263
2187, 45.4772688756
2188, 45.4771708838
2189, 45.4781429392
2190, 45.4751862757
2191, 45.4746651128
2192, 45.4703493648
2193, 45.4704598796
2194, 45.4661601607
2195, 45.4620978846
2196, 45.4628625624
2197, 45.4638981861
2198, 45.4644734939
2199, 45.4658103764
2200, 45.4558806291
2201, 45.4528884436
2202, 45.4503419245
2203, 45.4532695606
2204, 45.4524573904
2205, 45.4563200542
2206, 45.446224894
2207, 45.4455816693
2208, 45.4446877738
2209, 45.4420834053
2210, 45.4405915815
2211, 45.4395212514
2212, 45.4377567697
2213, 45.4324763634
2214, 45.4328239019
2215, 45.4299437301
2216, 45.4296192532
2217, 45.4324981572
2218, 45.4354637237
2219, 45.4290603357
2220, 45.4287070607
2221, 45.4268913957
2222, 45.4239364831
2223, 45.4204875767
2224, 45.4178302177
2225, 45.4177886358
2226, 45.415246408
2227, 45.4140338339
2228, 45.4152748572
2229, 45.4157013696
2230, 45.4125553697
2231, 45.4115633833
2232, 45.4106757061
2233, 45.41001738
2234, 45.4081259997
2235, 45.4054902967
2236, 45.4046698478
2237, 45.405036305
2238, 45.4049931838
2239, 45.4029417897
2240, 45.4047405717
2241, 45.4013500721
2242, 45.4026356657
2243, 45.4017617509
2244, 45.3978507609
2245, 45.3957834085
2246, 45.3942080982
2247, 45.3959769764
2248, 45.39133657
2249, 45.3905436124
2250, 45.3875429351
2251, 45.3869702727
2252, 45.385819302
2253, 45.3836567096
2254, 45.3820394273
2255, 45.3817700748
2256, 45.3812355913
2257, 45.382001181
2258, 45.3811190139
2259, 45.3789764269
2260, 45.3782409446
2261, 45.3764844615
2262, 45.3772147236
2263, 45.3778548869
2264, 45.3763185158
2265, 45.3742185857
2266, 45.3738407072
2267, 45.3697757248
2268, 45.3721778431
2269, 45.3693341667
2270, 45.3715438487
2271, 45.3686062052
2272, 45.3642085128
2273, 45.3676745966
2274, 45.3642468976
2275, 45.3624625574
2276, 45.360162417
2277, 45.3585462929
2278, 45.3639735296
2279, 45.3655579622
2280, 45.3632337174
2281, 45.3616391572
2282, 45.359023622
2283, 45.3612905299
2284, 45.3582644753
2285, 45.3561195367
2286, 45.3578662787
2287, 45.3562656534
2288, 45.3551108746
2289, 45.3521701434
2290, 45.3537756638
2291, 45.3526048859
2292, 45.3505340599
2293, 45.3469607347
2294, 45.3445144303
2295, 45.341563143
2296, 45.3416635029
2297, 45.339988455
2298, 45.3367437087
2299, 45.3367238865
2300, 45.3341917128
2301, 45.3331555491
2302, 45.3334072589
2303, 45.3300356574
2304, 45.3280487137
2305, 45.3291144764
2306, 45.3259301213
2307, 45.3232876448
2308, 45.3194892613
2309, 45.3208191797
2310, 45.3166024964
2311, 45.3172836856
2312, 45.3121314498
2313, 45.3100569856
2314, 45.310752394
2315, 45.3107979269
2316, 45.3161581737
2317, 45.30988696
2318, 45.313389709
2319, 45.3089488289
2320, 45.3059048595
2321, 45.2952881808
2322, 45.2914001152
2323, 45.2936737364
2324, 45.2872446041
2325, 45.2838356117
2326, 45.2810051483
2327, 45.2789572511
2328, 45.2736520418
2329, 45.2711431516
2330, 45.2727357606
2331, 45.2728620532
2332, 45.2698267903
2333, 45.2641960536
2334, 45.2664286363
2335, 45.2624486673
2336, 45.2667383195
2337, 45.272311671
2338, 45.2713500972
2339, 45.2681213826
2340, 45.2657283674
2341, 45.2617466162
2342, 45.2602535546
2343, 45.2651765943
2344, 45.2573631515
2345, 45.2579837283
2346, 45.2532525216
2347, 45.2505536362
2348, 45.2484591715
2349, 45.2488530635
2350, 45.2510304036
2351, 45.2466636701
2352, 45.2427076552
2353, 45.2419722079
2354, 45.2438762071
2355, 45.2420854462
2356, 45.2344566398
2357, 45.2362515939
2358, 45.229567612
2359, 45.2303474288
2360, 45.2281519143
2361, 45.2262329423
2362, 45.2248698202
2363, 45.2232719913
2364, 45.2229037184
2365, 45.2218880739
2366, 45.2218232634
2367, 45.2242335814
2368, 45.2232984845
2369, 45.2205035467
2370, 45.2265197599
2371, 45.2165295861
2372, 45.2110408055
2373, 45.2107112698
2374, 45.2068737415
2375, 45.2009789713
2376, 45.1965957447
2377, 45.1980065345
2378, 45.1898180291
2379, 45.1843351235
2380, 45.203273305
2381, 45.1872431631
2382, 45.1933880149
2383, 45.18445593
2384, 45.1907804533
2385, 45.1951161587
2386, 45.1889870766
2387, 45.1886100001
2388, 45.1948077384
2389, 45.1891811748
2390, 45.1923203366
2391, 45.1950475446
2392, 45.1932387523
2393, 45.1876446782
2394, 45.1876198629
2395, 45.1850221603
2396, 45.182117874
2397, 45.1808220613
2398, 45.1777648503
2399, 45.1780013601
2400, 45.1767727488
2401, 45.1741820672
2402, 45.1751828183
2403, 45.1749011244
2404, 45.1718986383
2405, 45.1704590444
2406, 45.1662924441
2407, 45.1646007795
2408, 45.1626162035
2409, 45.1591504194
2410, 45.1575787437
2411, 45.1554850164
2412, 45.1569897823
2413, 45.1555964052
2414, 45.1582397734
2415, 45.1548438222
2416, 45.1547407698
2417, 45.1516193402
2418, 45.150866062
2419, 45.1479547007
2420, 45.1457929001
2421, 45.1487020495
2422, 45.1446101337
2423, 45.1452737543
2424, 45.1420336583
2425, 45.1443539465
2426, 45.1439057894
2427, 45.1440395159
2428, 45.1444259754
2429, 45.1454200594
2430, 45.1418984863
2431, 45.140640687
2432, 45.1355804468
2433, 45.1334847168
2434, 45.1455156431
2435, 45.1329386014
2436, 45.1385828404
2437, 45.1405048784
2438, 45.1441452615
2439, 45.1374199493
2440, 45.1347252826
2441, 45.1353815732
2442, 45.1344852505
2443, 45.1220781252
2444, 45.126835741
2445, 45.1248206514
2446, 45.124665184
2447, 45.1245189746
2448, 45.1214170929
2449, 45.1111504551
2450, 45.1233323496
2451, 45.1170884657
2452, 45.118480732
2453, 45.1160896747
2454, 45.1140762478
2455, 45.1065553179
2456, 45.1075272269
2457, 45.1097197483
2458, 45.1093577599
2459, 45.1069215903
2460, 45.1068908793
2461, 45.1050110683
2462, 45.1029725179
2463, 45.0997989116
2464, 45.0981426191
2465, 45.0927866661
2466, 45.0917345738
2467, 45.0900823235
2468, 45.0875105869
2469, 45.0848936142
2470, 45.0798874213
2471, 45.0766596033
2472, 45.074175801
2473, 45.073611203
2474, 45.0734718305
2475, 45.0709096239
2476, 45.0676229717
2477, 45.0660639032
2478, 45.0656393825
2479, 45.0643951046
2480, 45.0610396544
2481, 45.0571371731
2482, 45.0486147736
2483, 45.0511330302
2484, 45.0545763611
2485, 45.0528858787
2486, 45.051672587
2487, 45.0534216869
2488, 45.0495140324
2489, 45.0450429992
2490, 45.0432507478
2491, 45.0454947316
2492, 45.0407413293
2493, 45.0392738006
2494, 45.0385469915
2495, 45.036667737
2496, 45.0361598196
2497, 45.0376180882
2498, 45.0349881039
2499, 45.0314360266
2500, 45.0265919357
2501, 45.0264180524
2502, 45.0232650036
2503, 45.0209080985
2504, 45.0191110783
2505, 45.0195811471
2506, 45.0189122304
2507, 45.0160309055
2508, 45.0161058983
2509, 45.0144349999
2510, 45.0115831528
2511, 45.003194411
2512, 45.0055459968
2513, 45.0039529602
2514, 45.0023472878
2515, 44.9968774377
2516, 44.9947318259
2517, 44.9942730175
2518, 44.994320059
2519, 44.9954380297
2520, 44.9933323554
2521, 44.9925933081
2522, 44.9901100738
2523, 44.9883829995
2524, 44.9871388097
2525, 44.9846461292
2526, 44.9876681973
2527, 44.9870676961
2528, 44.9864929302
2529, 44.9817332772
2530, 44.9796023742
2531, 44.9789113696
2532, 44.9781152502
2533, 44.9774390447
2534, 44.9755948568
2535, 44.9736519529
2536, 44.9712493574
2537, 44.9679729852
2538, 44.9664336467
2539, 44.9628737515
2540, 44.9600988346
2541, 44.9566552232
2542, 44.9552391074
2543, 44.9495359674
2544, 44.9480184639
2545, 44.9440316533
2546, 44.9416751209
2547, 44.9428981013
2548, 44.9365200265
2549, 44.9348548273
2550, 44.9333851847
2551, 44.9357834981
2552, 44.930431384
2553, 44.9306828991
2554, 44.930217513
2555, 44.9277973626
2556, 44.9265529787
2557, 44.9228542446
2558, 44.9226719342
2559, 44.9206056099
2560, 44.9221453322
2561, 44.9225946032
2562, 44.9191431094
2563, 44.919800362
2564, 44.9179480691
2565, 44.9137654881
2566, 44.911205848
2567, 44.9098817983
2568, 44.9096839116
2569, 44.9033287159
2570, 44.9036671111
2571, 44.9006007708
2572, 44.8987313311
2573, 44.9015406167
2574, 44.8977229711
2575, 44.8962178006
2576, 44.8953985574
2577, 44.8923033018
2578, 44.8895376685
2579, 44.8902248253
2580, 44.8884601975
2581, 44.8855839416
2582, 44.8847982093
2583, 44.8835189993
2584, 44.8824356073
2585, 44.879202318
2586, 44.8813810475
2587, 44.8818040618
2588, 44.8797304795
2589, 44.8770305972
2590, 44.8762062218
2591, 44.876254167
2592, 44.8742617897
2593, 44.8676353477
2594, 44.8655261797
2595, 44.8630987233
2596, 44.8613949536
2597, 44.8581721446
2598, 44.8571095989
2599, 44.8586746075
2600, 44.8554679906
2601, 44.854786242
2602, 44.8532491834
2603, 44.8530751727
2604, 44.8524070683
2605, 44.8482508122
2606, 44.8442404469
2607, 44.8435719712
2608, 44.8415151717
2609, 44.8403846439
2610, 44.8360766365
2611, 44.8328818309
2612, 44.833035262
2613, 44.8298249573
2614, 44.8265599263
2615, 44.8232267381
2616, 44.8208693597
2617, 44.8170587685
2618, 44.8170064943
2619, 44.812705529
2620, 44.8134534109
2621, 44.8094853903
2622, 44.8067112012
2623, 44.8069095312
2624, 44.8048581554
2625, 44.8036745972
2626, 44.8027968587
2627, 44.8025220609
2628, 44.8005797484
2629, 44.7994744696
2630, 44.7990728193
2631, 44.794380401
2632, 44.7909194396
2633, 44.787792089
2634, 44.7817329682
2635, 44.7812685049
2636, 44.7781287946
2637, 44.7789751093
2638, 44.7770566129
2639, 44.7738841438
2640, 44.7691703229
2641, 44.7651932992
2642, 44.7656659639
2643, 44.7629031082
2644, 44.7618663409
2645, 44.7592904029
2646, 44.7587281836
2647, 44.7687873574
2648, 44.7659732856
2649, 44.7629925849
2650, 44.7598864537
2651, 44.7558546506
2652, 44.7573144962
2653, 44.7496002464
2654, 44.7503930175
2655, 44.7508560068
2656, 44.7458680249
2657, 44.7450756383
2658, 44.7439824595
2659, 44.7455872196
2660, 44.7459553916
2661, 44.7420927724
2662, 44.7359745354
2663, 44.7343924495
2664, 44.7308367538
2665, 44.7273644001
2666, 44.7274312122
2667, 44.7241615488
2668, 44.7223529792
2669, 44.7179024178
2670, 44.7151849239
2671, 44.7176114479
2672, 44.7166946629
2673, 44.7135867876
2674, 44.7139101238
2675, 44.711977484
2676, 44.7085793727
2677, 44.7074568967
2678, 44.7048091972
2679, 44.7027316058
2680, 44.7003243064
2681, 44.6985645187
2682, 44.701542921
2683, 44.7046528251
2684, 44.7016036092
2685, 44.7025723004
2686, 44.6999807917
2687, 44.6953889088
2688, 44.6941971234
2689, 44.6941354092
2690, 44.6856789696
2691, 44.6850656904
2692, 44.6931030501
2693, 44.6869738285
2694, 44.6854582936
2695, 44.6843449505
2696, 44.6836388577
2697, 44.6771839458
2698, 44.6786451072
2699, 44.6732977155
2700, 44.6794292521
2701, 44.6717989697
2702, 44.6737679162
2703, 44.6697396867
2704, 44.6685075289
2705, 44.6671578589
2706, 44.6665757242
2707, 44.6638336338
2708, 44.6632568608
2709, 44.6582789305
2710, 44.6625025776
2711, 44.6585530837
2712, 44.656043327
2713, 44.652969865
2714, 44.654030434
2715, 44.6484570463
2716, 44.6459115374
2717, 44.6438259456
2718, 44.6415469328
2719, 44.6396684442
2720, 44.63510101
2721, 44.6340344296
2722, 44.63571798
2723, 44.6304162562
2724, 44.6309062224
2725, 44.6254243495
2726, 44.6287540633
2727, 44.626365864
2728, 44.6212534553
2729, 44.62130165
2730, 44.6245327055
2731, 44.6250415642
2732, 44.6195759669
2733, 44.6177241258
2734, 44.6202594835
2735, 44.6216601078
2736, 44.6177732558
2737, 44.6152036974
2738, 44.617303405
2739, 44.614801948
2740, 44.6146517489
2741, 44.6136952045
2742, 44.6123651222
2743, 44.6136741716
2744, 44.6100481028
2745, 44.6098938066
2746, 44.60601547
2747, 44.6062256915
2748, 44.6058072102
2749, 44.61103439
2750, 44.6089071784
2751, 44.6079202817
2752, 44.6031910016
2753, 44.6035964422
2754, 44.5983075317
2755, 44.5977221922
2756, 44.5979489681
2757, 44.5919192748
2758, 44.5917476196
2759, 44.5900969959
2760, 44.5871907352
2761, 44.5869806364
2762, 44.585889266
2763, 44.5875475272
2764, 44.5842181959
2765, 44.5861906726
2766, 44.5851288885
2767, 44.5877923138
2768, 44.5772278553
2769, 44.5742611025
2770, 44.5752733245
2771, 44.5779790076
2772, 44.5747124985
2773, 44.579763372
2774, 44.5714123696
2775, 44.577384673
2776, 44.5687416289
2777, 44.5717074571
2778, 44.5714548094
2779, 44.5687127791
2780, 44.5657344195
2781, 44.5614198852
2782, 44.5578955851
2783, 44.5563226388
2784, 44.5551391458
2785, 44.5507846031
2786, 44.5501388748
2787, 44.546606035
2788, 44.5449349111
2789, 44.5477201002
2790, 44.5465705677
2791, 44.5461043418
2792, 44.5431840459
2793, 44.5436940395
2794, 44.5451955561
2795, 44.5405162578
2796, 44.5423783157
2797, 44.5345999778
2798, 44.5360176685
2799, 44.5330538105
2800, 44.5308603177
2801, 44.529044209
2802, 44.5248198373
2803, 44.520919061
2804, 44.5158986179
2805, 44.5190995408
2806, 44.5198141202
2807, 44.5179083879
2808, 44.5141968653
2809, 44.5116649042
2810, 44.5134007875
2811, 44.5080704081
2812, 44.506840514
2813, 44.5022191771
2814, 44.5053187179
2815, 44.4994656979
2816, 44.5009924607
2817, 44.4958069424
2818, 44.4948370045
2819, 44.4944101937
2820, 44.49069794
2821, 44.4906460632
2822, 44.4874459937
2823, 44.4861941465
2824, 44.4846776134
2825, 44.4852807386
2826, 44.4831765437
2827, 44.4786622611
2828, 44.4771799147
2829, 44.4790068173
2830, 44.4765515054
2831, 44.4739399826
2832, 44.4701774265
2833, 44.4695949315
2834, 44.4656514523
2835, 44.461932755
2836, 44.4593791016
2837, 44.4580748022
2838, 44.4569413575
2839, 44.4560970339
2840, 44.452200429
2841, 44.4563401594
2842, 44.455024515
2843, 44.4531611751
2844, 44.4562195886
2845, 44.4552828263
2846, 44.450937077
2847, 44.4482394259
2848, 44.4445314113
2849, 44.4431357092
2850, 44.4388268953
2851, 44.4358085068
2852, 44.4320792233
2853, 44.4311643415
2854, 44.4282579342
2855, 44.4256623181
2856, 44.4234036902
2857, 44.4232162225
2858, 44.4240447412
2859, 44.4214833974
2860, 44.420477132
2861, 44.4200256382
2862, 44.4158219445
2863, 44.4126576769
2864, 44.4120201418
2865, 44.4083674696
2866, 44.4060965818
2867, 44.4035871843
2868, 44.4006196672
2869, 44.4044135604
2870, 44.4014994748
2871, 44.3986287555
2872, 44.4001390864
2873, 44.3967550975
2874, 44.3965010177
2875, 44.3934317884
2876, 44.3891974302
2877, 44.3864162065
2878, 44.3885901752
2879, 44.3802496671
2880, 44.3803535188
2881, 44.3794379094
2882, 44.3805032442
2883, 44.3851422052
2884, 44.3813190402
2885, 44.3814906019
2886, 44.3791512776
2887, 44.3740456997
2888, 44.3722197466
2889, 44.3765641083
2890, 44.3759250518
2891, 44.3738042515
2892, 44.3760998075
2893, 44.3752421324
2894, 44.3712029545
2895, 44.3709821317
2896, 44.3667532113
2897, 44.3653499627
2898, 44.3659032426
2899, 44.3614616416
2900, 44.3653982768
2901, 44.36063118
2902, 44.3592112433
2903, 44.3665645428
2904, 44.360699066
2905, 44.357165185
2906, 44.3543093037
2907, 44.3575339894
2908, 44.3520867142
2909, 44.3476720055
2910, 44.3458030457
2911, 44.3459583151
2912, 44.3410465647
2913, 44.3381491924
2914, 44.3372695628
2915, 44.3295563198
2916, 44.3284533568
2917, 44.3275020929
2918, 44.3241357234
2919, 44.3268582743
2920, 44.3207400063
2921, 44.327161714
2922, 44.3206591104
2923, 44.3188849727
2924, 44.3200641923
2925, 44.3147250872
2926, 44.3202562636
2927, 44.3120101023
2928, 44.3088184428
2929, 44.3070593104
2930, 44.3068282119
2931, 44.3053038046
2932, 44.2990390547
2933, 44.2953104893
2934, 44.2921390069
2935, 44.2916486817
2936, 44.2878623689
2937, 44.2867443399
2938, 44.28522613
2939, 44.2827797932
2940, 44.2786768838
2941, 44.2775576258
2942, 44.2755539002
2943, 44.2777138134
2944, 44.2758584016
2945, 44.2728564663
2946, 44.269769415
2947, 44.2700812045
2948, 44.2666754497
2949, 44.2635357574
2950, 44.2653325319
2951, 44.262973765
2952, 44.2623485646
2953, 44.2600142707
2954, 44.2564298981
2955, 44.256072272
2956, 44.2528285047
2957, 44.2513022522
2958, 44.2466679026
2959, 44.2443625832
2960, 44.2403564563
2961, 44.2388333026
2962, 44.2361050038
2963, 44.2389130205
2964, 44.2379015808
2965, 44.2393923488
2966, 44.2324081284
2967, 44.2342206667
2968, 44.2284253964
2969, 44.2242374224
2970, 44.2232369631
2971, 44.2214322513
2972, 44.2227053272
2973, 44.2195748039
2974, 44.2168370315
2975, 44.2054278239
2976, 44.2031783815
2977, 44.2021856723
2978, 44.1987102579
2979, 44.19704916
2980, 44.1975138568
2981, 44.1983205377
2982, 44.1952026447
2983, 44.1931749478
2984, 44.1961638724
2985, 44.1897847312
2986, 44.1922696199
2987, 44.1888279355
2988, 44.1892276391
2989, 44.1872965797
2990, 44.1794101695
2991, 44.1797298999
2992, 44.1765209075
2993, 44.1756275803
2994, 44.1786325982
2995, 44.1744724076
2996, 44.1744376695
2997, 44.172325256
2998, 44.1710382106
2999, 44.1707709054
3000, 44.1677936394
3001, 44.1677661141
3002, 44.1680857624
3003, 44.1658112067
3004, 44.1619564625
3005, 44.1616134227
3006, 44.1567552479
3007, 44.1554967922
3008, 44.1481660518
3009, 44.1472202429
3010, 44.1475029076
3011, 44.1429703097
3012, 44.1370502904
3013, 44.1366016422
3014, 44.1341207053
3015, 44.1346275754
3016, 44.1296899127
3017, 44.1247668936
3018, 44.1317869529
3019, 44.1308970934
3020, 44.1243004745
3021, 44.1230414238
3022, 44.1192712203
3023, 44.1187786804
3024, 44.1173039581
3025, 44.1145704134
3026, 44.1133958676
3027, 44.1096257775
3028, 44.1086265901
3029, 44.1077028802
3030, 44.1068448478
3031, 44.105431053
3032, 44.1038399524
3033, 44.1002618646
3034, 44.1001876685
3035, 44.1037794605
3036, 44.098441702
3037, 44.0950196981
3038, 44.0959799576
3039, 44.0951479816
3040, 44.0904789482
3041, 44.087826352
3042, 44.0855108185
3043, 44.0817521579
3044, 44.0841747008
3045, 44.080238209
3046, 44.0775874745
3047, 44.0757365985
3048, 44.0770284147
3049, 44.0768392197
3050, 44.0726274758
3051, 44.0738921805
3052, 44.0708956827
3053, 44.0675114049
3054, 44.0638468028
3055, 44.0602628958
3056, 44.0567213586
3057, 44.0521657164
3058, 44.0520319572
3059, 44.0491272381
3060, 44.0497106703
3061, 44.0515459426
3062, 44.0481427793
3063, 44.0439275901
3064, 44.0431601118
3065, 44.0452938559
3066, 44.0392010181
3067, 44.0400277709
3068, 44.0346394873
3069, 44.0315206782
3070, 44.0291128841
3071, 44.025434018
3072, 44.0262702249
3073, 44.0216737034
3074, 44.0223904718
3075, 44.0176869956
3076, 44.0158844316
3077, 44.013613536
3078, 44.0141231008
3079, 44.0124309593
3080, 44.0098569039
3081, 44.0063461839
3082, 44.0050847577
3083, 44.0052621185
3084, 44.003039329
3085, 44.0017985971
3086, 43.9985071858
3087, 43.9983900316
3088, 43.9955670024
3089, 43.9945769218
3090, 43.9922278258
3091, 43.994142317
3092, 43.9909082378
3093, 43.9871333824
3094, 43.9878076514
3095, 43.9846046635
3096, 43.9857551217
3097, 43.9810739202
3098, 43.9783730256
3099, 43.9760194555
3100, 43.9748948204
3101, 43.972085549
3102, 43.9723105926
3103, 43.9688452769
3104, 43.9665450786
3105, 43.961998896
3106, 43.9632842929
3107, 43.9602604281
3108, 43.9609279461
3109, 43.9583447639
3110, 43.9649508537
3111, 43.9619120374
3112, 43.9598964659
3113, 43.9573185301
3114, 43.9564953417
3115, 43.9559197353
3116, 43.9569933138
3117, 43.9543623427
3118, 43.9520192331
3119, 43.9516137605
3120, 43.9534702335
3121, 43.9505193997
3122, 43.9472175776
3123, 43.9444948291
3124, 43.941094644
3125, 43.9391462828
3126, 43.9350782024
3127, 43.9340058529
3128, 43.9348409564
3129, 43.935855757
3130, 43.9385304535
3131, 43.9372654387
3132, 43.9344120075
3133, 43.9382475483
3134, 43.9353794866
3135, 43.9328139822
3136, 43.9284694542
3137, 43.9347584764
3138, 43.9311653735
3139, 43.9303746666
3140, 43.9272381023
3141, 43.9240757847
3142, 43.9219690928
3143, 43.92117091
3144, 43.9208592813
3145, 43.9176605108
3146, 43.9180959811
3147, 43.9146311888
3148, 43.9196308316
3149, 43.9152136739
3150, 43.9171383047
3151, 43.9103057552
3152, 43.9120282743
3153, 43.9115947314
3154, 43.9104280548
3155, 43.9058586259
3156, 43.9014432774
3157, 43.903814145
3158, 43.900456097
3159, 43.8978202699
3160, 43.8975339801
3161, 43.8914328832
3162, 43.8927337671
3163, 43.8935362161
3164, 43.8961066134
3165, 43.8928820652
3166, 43.890961251
3167, 43.8870399481
3168, 43.8860316626
3169, 43.8840543899
3170, 43.8861890967
3171, 43.8860176424
3172, 43.8825481481
3173, 43.8778770125
3174, 43.8794299695
3175, 43.8760916645
3176, 43.8760814898
3177, 43.8765757999
3178, 43.8779466163
3179, 43.8720524635
3180, 43.8663351816
3181, 43.8696845318
3182, 43.8611052618
3183, 43.8606624706
3184, 43.8568890047
3185, 43.860156703
3186, 43.8604552166
3187, 43.8521159045
3188, 43.8497271893
3189, 43.8473392038
3190, 43.8494439615
3191, 43.8432367106
3192, 43.8387388791
3193, 43.837187858
3194, 43.8393523868
3195, 43.837064458
3196, 43.8387505219
3197, 43.8362373722
3198, 43.8323190357
3199, 43.8315658109
3200, 43.8393763396
3201, 43.8371414632
3202, 43.835394821
3203, 43.8298264739
3204, 43.825133227
3205, 43.8233468657
3206, 43.8175175116
3207, 43.8153331772
3208, 43.8127493749
3209, 43.8062092702
3210, 43.8047975283
3211, 43.8045990488
3212, 43.8051058092
3213, 43.7988116029
3214, 43.7948865231
3215, 43.7955495616
3216, 43.7931269077
3217, 43.7924411593
3218, 43.7913155419
3219, 43.7876874494
3220, 43.7848936536
3221, 43.7828044012
3222, 43.7811649516
3223, 43.7800585751
3224, 43.7779434616
3225, 43.780082426
3226, 43.7767490916
3227, 43.7748102416
3228, 43.7726715387
3229, 43.7694125635
3230, 43.7663018555
3231, 43.7678066044
3232, 43.7677434579
3233, 43.7677192229
3234, 43.7654625507
3235, 43.7593175864
3236, 43.7638040894
3237, 43.763417508
3238, 43.759270105
3239, 43.7575000387
3240, 43.7531130004
3241, 43.7531503647
3242, 43.7512314661
3243, 43.7478501758
3244, 43.7453076495
3245, 43.7418721589
3246, 43.7386610227
3247, 43.7331510063
3248, 43.7329194868
3249, 43.7299746254
3250, 43.7280630723
3251, 43.7253661027
3252, 43.7221564922
3253, 43.719845442
3254, 43.719804574
3255, 43.7166160225
3256, 43.7138150106
3257, 43.7144638015
3258, 43.7134864424
3259, 43.709204398
3260, 43.7077780823
3261, 43.7102798222
3262, 43.7048352075
3263, 43.6993626189
3264, 43.6991496691
3265, 43.6946020276
3266, 43.6953406116
3267, 43.6918263108
3268, 43.6907424915
3269, 43.68563064
3270, 43.6837752281
3271, 43.6820948451
3272, 43.6830699813
3273, 43.6792924565
3274, 43.6801223489
3275, 43.6764003766
3276, 43.6755281924
3277, 43.6752605497
3278, 43.6638252477
3279, 43.6629273796
3280, 43.6617372002
3281, 43.6683560216
3282, 43.6648163463
3283, 43.6609202848
3284, 43.6567428149
3285, 43.6537778741
3286, 43.6412646173
3287, 43.6388796323
3288, 43.6343940806
3289, 43.6342418836
3290, 43.6327353001
3291, 43.6348350069
3292, 43.6312230581
3293, 43.6281307789
3294, 43.6225345894
3295, 43.6241892113
3296, 43.6309584205
3297, 43.6173147765
3298, 43.6180345145
3299, 43.6184129706
3300, 43.6183477013
3301, 43.6144877645
3302, 43.6190453916
3303, 43.6165599037
3304, 43.6166487161
3305, 43.6144668167
3306, 43.6116156352
3307, 43.6087302839
3308, 43.6070700876
3309, 43.6065241345
3310, 43.6079070697
3311, 43.6002642209
3312, 43.6061670048
3313, 43.602355575
3314, 43.5945191399
3315, 43.5950364463
3316, 43.5933766028
3317, 43.5954903841
3318, 43.5887919901
3319, 43.5843382267
3320, 43.5881452152
3321, 43.5784909695
3322, 43.5845883711
3323, 43.5807044194
3324, 43.5804555573
3325, 43.5792146036
3326, 43.5729120127
3327, 43.5711544186
3328, 43.5683836028
3329, 43.5727214804
3330, 43.5684665345
3331, 43.5664050589
3332, 43.5635278417
3333, 43.5606660974
3334, 43.56019214
3335, 43.5583221694
3336, 43.5543453362
3337, 43.5520846877
3338, 43.5482751755
3339, 43.5438214451
3340, 43.5415101751
3341, 43.5382412942
3342, 43.5354474898
3343, 43.5321778925
3344, 43.531871358
3345, 43.5305563547
3346, 43.5301262344
3347, 43.5278080685
3348, 43.5262432021
3349, 43.5270084615
3350, 43.5264683709
3351, 43.5228691766
3352, 43.5244301983
3353, 43.5243207652
3354, 43.5263070833
3355, 43.5208105195
3356, 43.5192962047
3357, 43.5204134357
3358, 43.5174360894
3359, 43.5178884766
3360, 43.5159114588
3361, 43.5139622998
3362, 43.5131104102
3363, 43.5090546171
3364, 43.509520872
3365, 43.5040100017
3366, 43.502483054
3367, 43.5011121204
3368, 43.4967800448
3369, 43.4917875779
3370, 43.4907060108
3371, 43.4913361724
3372, 43.4899288377
3373, 43.4902336058
3374, 43.4831641104
3375, 43.4813944586
3376, 43.4853055255
3377, 43.4830332575
3378, 43.4778675271
3379, 43.4814596309
3380, 43.4763185105
3381, 43.4724946448
3382, 43.4791919318
3383, 43.472751621
3384, 43.4736141091
3385, 43.4719970155
3386, 43.4681188587
3387, 43.4663519861
3388, 43.4597394599
3389, 43.4618951733
3390, 43.4652732065
3391, 43.4545320166
3392, 43.4485131648
3393, 43.4455596849
3394, 43.4447452715
3395, 43.4475255849
3396, 43.4421160136
3397, 43.4372484009
3398, 43.4428552082
3399, 43.4403951318
3400, 43.4361425654
3401, 43.4411502519
3402, 43.4393725477
3403, 43.4384045096
3404, 43.4360011338
3405, 43.4330906801
3406, 43.4342613017
3407, 43.4373051151
3408, 43.4284184066
3409, 43.4307252343
3410, 43.4237160349
3411, 43.4330344691
3412, 43.4158469995
3413, 43.4228532938
3414, 43.4222593746
3415, 43.4215879834
3416, 43.4166395168
3417, 43.4119666369
3418, 43.4121316183
3419, 43.4149916348
3420, 43.415092363
3421, 43.4154797888
3422, 43.4125548759
3423, 43.4089055443
3424, 43.4066685791
3425, 43.4065321099
3426, 43.4071460197
3427, 43.4054301374
3428, 43.4043224251
3429, 43.4010869078
3430, 43.400682499
3431, 43.3988590929
3432, 43.3948809042
3433, 43.3929077382
3434, 43.39007566
3435, 43.3885014924
3436, 43.3889837656
3437, 43.3868187493
3438, 43.3826112369
3439, 43.3837267985
3440, 43.3812520948
3441, 43.3797237863
3442, 43.3747691535
3443, 43.3763569853
3444, 43.3699200917
3445, 43.3722808081
3446, 43.3660446349
3447, 43.3577070647
3448, 43.3673181962
3449, 43.3602594007
3450, 43.3566175979
3451, 43.3515559938
3452, 43.357496823
3453, 43.3488155129
3454, 43.3453935528
3455, 43.3449323418
3456, 43.3442506514
3457, 43.3393569322
3458, 43.3372299945
3459, 43.3396918063
3460, 43.3324087174
3461, 43.3352034637
3462, 43.3299519637
3463, 43.3288552396
3464, 43.3254373654
3465, 43.3245135943
3466, 43.318436888
3467, 43.3196899268
3468, 43.3146739809
3469, 43.3166086438
3470, 43.3151464793
3471, 43.3028862947
3472, 43.3092931824
3473, 43.3111295187
3474, 43.2994147198
3475, 43.297338642
3476, 43.2944118618
3477, 43.2957025135
3478, 43.2930306093
3479, 43.2884834157
3480, 43.2889288002
3481, 43.2891329261
3482, 43.2809881904
3483, 43.2791015392
3484, 43.2758834479
3485, 43.268189632
3486, 43.2735571366
3487, 43.2627173321
3488, 43.2595998048
3489, 43.2524604684
3490, 43.2534514484
3491, 43.2516742319
3492, 43.2516474887
3493, 43.2467316741
3494, 43.2495810313
3495, 43.2467210254
3496, 43.2431816253
3497, 43.2556116531
3498, 43.2510797204
3499, 43.2402901844
